1
3
7
10
12
14
20
21
27
30
32
33
35
38
43
45
46
47
48
52
53
54
55
59
60
61
64
68
74
75
79
80
81
91
93
94
96
97
98
99
100
102
105
108
109
110
113
114
124
127
128
129
133
137
138
139
141
142
143
144
145
146
147
148
149
151
153
156
161
165
167
168
169
170
172
174
175
176
177
178
180
181
185
188
191
192
195
196
197
198
199
200
201
203
210
211
213
216
217
219
221
224
227
228
230
231
232
233
235
236
240
241
243
246
247
250
251
259
261
263
269
270
271
273
277
280
283
284
285
290
294
295
296
299
305
306
307
312
313
314
315
316
317
318
319
321
322
323
325
329
331
332
333
334
336
338
339
340
346
347
349
350
351
356
359
361
363
366
367
370
372
373
374
376
377
381
382
383
385
386
389
392
396
397
398
402
403
408
410
411
413
417
419
420
422
425
427
428
429
434
437
438
440
441
442
446
447
450
451
455
456
459
460
462
463
465
467
471
472
476
477
479
486
487
489
490
491
492
493
494
495
497
498
500
501
505
508
509
516
519
524
529
538
539
542
543
547
548
549
554
555
561
564
565
566
570
571
572
575
578
580
581
582
584
585
588
589
595
596
597
601
603
606
615
616
617
620
623
624
625
626
628
629
630
632
635
636
641
643
646
649
651
653
654
656
660
661
665
668
670
672
674
675
678
680
682
683
685
686
688
691
693
694
695
696
698
700
702
704
705
710
716
718
720
724
725
726
729
733
736
741
742
743
745
748
749
750
751
752
753
754
755
756
760
761
765
766
767
770
773
775
777
778
779
780
786
787
792
795
796
797
798
799
800
804
811
813
816
818
828
830
831
832
835
836
843
847
848
849
850
853
855
857
858
861
862
863
868
869
870
871
872
873
874
877
878
881
882
883
884
886
887
888
890
893
896
900
902
903
906
907
908
910
912
914
919
922
923
925
926
928
932
933
934
935
937
938
941
943
944
945
946
947
948
950
953
955
956
957
961
962
963
